   2.0000000e+00
   2.5095482e+00
   3.1489160e+00
   3.5670574e+00
   4.0407235e+00
   4.5772872e+00
   5.1851007e+00
   5.8736251e+00
   6.6535780e+00
   7.5371001e+00
   8.5379442e+00
   9.6716894e+00
   1.0955984e+01
   1.2410818e+01
   1.4058838e+01
   1.5925698e+01
   1.8040455e+01
   2.0436030e+01
   2.3149710e+01
   2.6223737e+01
   2.9705962e+01
   3.3650587e+01
   3.8119015e+01
   4.3180802e+01
   4.8914738e+01
   5.5410078e+01
   6.2767928e+01
   7.1102820e+01
   8.0544494e+01
   9.1239918e+01
   1.0335558e+02
   1.1708006e+02
   1.3262701e+02
   1.5023842e+02
   1.5961136e+02
   1.6766114e+02
   1.7611689e+02
   1.8499910e+02
   1.9369399e+02
   1.9369399e+02
   1.9369399e+02
   1.9369399e+02
   1.9369399e+02
   1.9369399e+02
   1.9369399e+02
   1.9369399e+02
   1.9369399e+02
   1.9369399e+02
   1.9369399e+02
   1.9369399e+02
   1.9369399e+02
   1.9369399e+02
   1.9369399e+02
