   3.6780000e+01
   3.8800000e+01
   4.0820000e+01
   4.2840000e+01
   4.4860000e+01
   4.6880000e+01
   4.8900000e+01
   5.0920000e+01
   5.2940000e+01
   5.4960000e+01
   5.6980000e+01
   5.9000000e+01
   6.1020000e+01
   6.3040000e+01
   6.5060000e+01
   6.7080000e+01
   6.9100000e+01
   7.1120000e+01
   7.3140000e+01
   7.5160000e+01
   7.7180000e+01
   7.9200000e+01
   8.1220000e+01
   8.3240000e+01
   8.5260000e+01
   8.7280000e+01
   8.9300000e+01
   9.1320000e+01
   9.3340000e+01
   9.5360000e+01
   9.7380000e+01
   9.9400000e+01
   1.0142000e+02
   1.0344000e+02
   1.0546000e+02
   1.0748000e+02
   1.0950000e+02
   1.1152000e+02
   1.1354000e+02
   1.1556000e+02
   1.1758000e+02
   1.1960000e+02
   1.2162000e+02
   1.2364000e+02
   1.2566000e+02
   1.2768000e+02
   1.2970000e+02
   1.3172000e+02
   1.3374000e+02
   1.3576000e+02
   1.3778000e+02
   1.3980000e+02
   1.4182000e+02
